0.008455 0.108582 0.027033 0.022559 0.021638 0.018718 0.016911 0.074491 0.043132 0.028115 0.022665 0.023938 
0.108582 0.023492 0.384081 0.167048 0.064282 0.020610 0.074491 0.030570 0.826760 0.117292 0.068597 0.024229 
0.027033 0.384081 0.015478 0.998830 0.060235 0.029615 0.043132 0.826760 0.016794 4.525680 0.126714 0.042969 
0.022559 0.167048 0.998830 0.015404 0.948768 0.033353 0.028115 0.117292 4.525680 0.017203 3.572286 0.034868 
0.021638 0.064282 0.060235 0.948768 0.011498 0.433293 0.022665 0.068597 0.126714 3.572286 0.016245 0.770272 
0.018718 0.020610 0.029615 0.033353 0.433293 0.000000 0.023938 0.024229 0.042969 0.034868 0.770272 0.000000 
