0.030167 0.984449 0.213324 0.221830 0.147282 0.127732 0.053804 3.718097 0.217497 0.244730 0.147205 0.127294 
0.984449 0.011287 0.089601 0.064375 0.043962 0.041109 3.718097 0.016601 0.097886 0.085467 0.049694 0.050495 
0.213324 0.089601 0.040966 0.726568 0.293056 0.390549 0.217497 0.097886 0.089332 4.213199 0.436046 0.351373 
0.221830 0.064375 0.726568 0.043543 0.654328 0.346910 0.244730 0.085467 4.213199 0.117519 3.106337 0.515977 
0.147282 0.043962 0.293056 0.654328 0.042263 0.898457 0.147205 0.049694 0.436046 3.106337 0.071098 6.593413 
0.127732 0.041109 0.390549 0.346910 0.898457 0.000000 0.127294 0.050495 0.351373 0.515977 6.593413 0.000000 
