0.010226 0.014095 0.020692 0.025805 0.291242 0.066746 0.066671 0.055796 0.014619 0.014095 0.020692 0.025805 0.275352 0.068759 0.080891 0.094426 
0.014095 0.000000 0.071660 0.491020 0.013950 0.028283 0.017211 0.026732 0.014095 0.000000 0.071660 0.491020 0.013950 0.028283 0.017211 0.026732 
0.020692 0.071660 0.000000 0.038153 0.013403 0.014979 0.017229 0.014467 0.020692 0.071660 0.000000 0.038153 0.013403 0.014979 0.017229 0.014467 
0.025805 0.491020 0.038153 0.000000 0.030389 0.056927 0.016667 0.047259 0.025805 0.491020 0.038153 0.000000 0.030389 0.056927 0.016667 0.047259 
0.291242 0.013950 0.013403 0.030389 0.016530 0.665610 0.099905 0.054465 0.275352 0.013950 0.013403 0.030389 0.021927 1.559118 0.163217 0.096667 
0.066746 0.028283 0.014979 0.056927 0.665610 0.016337 1.006105 0.026842 0.068759 0.028283 0.014979 0.056927 1.559118 0.020161 5.882427 0.049491 
0.066671 0.017211 0.017229 0.016667 0.099905 1.006105 0.016181 0.015226 0.080891 0.017211 0.017229 0.016667 0.163217 5.882427 0.022995 0.023495 
0.055796 0.026732 0.014467 0.047259 0.054465 0.026842 0.015226 0.000000 0.094426 0.026732 0.014467 0.047259 0.096667 0.049491 0.023495 0.000000 
